Fold 0:
=====================
\ range(0, 10)
 \--------------------------------------
0|[853.   0.   1.   0.   0.   1.   7.   0.   0.   0.]
1|[  0. 929.   1.   1.   2.   0.   0.   1.   1.   0.]
2|[  9.  14. 743.   3.   0.   1.   1.  18.   3.   2.]
3|[  2.   5.   4. 824.   0.   6.   1.   9.   4.   7.]
4|[  2.   9.   0.   0. 768.   0.   3.   2.   0.  28.]
5|[  0.   2.   0.  11.   1. 729.   9.   3.   3.   5.]
6|[  1.   3.   0.   0.   0.   4. 792.   0.   0.   0.]
7|[  0.  20.   3.   0.   3.   0.   0. 891.   0.  17.]
8|[  3.  13.   0.  13.   2.  17.   3.   2. 729.   7.]
9|[  2.   3.   0.   8.   9.   0.   0.  13.   1. 813.]

Fold 1:
=====================
\ range(0, 10)
 \--------------------------------------
0|[827.   0.   0.   0.   0.   2.   1.   0.   0.   0.]
1|[  0. 914.   0.   1.   0.   0.   0.   2.   0.   0.]
2|[  9.  17. 825.   4.   0.   0.   2.  18.   3.   2.]
3|[  0.   7.   4. 817.   0.   7.   1.   4.  11.   7.]
4|[  0.  14.   0.   0. 791.   0.   2.   1.   0.  32.]
5|[  2.   3.   0.  10.   0. 689.  10.   0.   0.   9.]
6|[  6.   2.   0.   0.   1.   5. 809.   0.   1.   0.]
7|[  2.  15.   4.   0.   0.   0.   0. 841.   0.  15.]
8|[  4.  16.   3.  13.   3.  13.   2.   1. 730.   6.]
9|[  3.   2.   2.  10.  10.   0.   0.   9.   3. 821.]

Fold 2:
=====================
\ range(0, 10)
 \--------------------------------------
0|[850.   0.   0.   0.   0.   0.   2.   0.   0.   0.]
1|[  0. 912.   4.   3.   0.   0.   1.   1.   1.   0.]
2|[  9.  12. 758.   2.   0.   0.   0.   8.   5.   1.]
3|[  0.   7.   5. 790.   1.   4.   0.   3.   7.   4.]
4|[  0.  12.   0.   0. 803.   0.   0.   1.   1.  31.]
5|[  4.   2.   0.   7.   1. 701.  11.   1.   4.   6.]
6|[  6.   1.   0.   0.   1.   3. 833.   0.   0.   0.]
7|[  0.   9.   3.   0.   1.   0.   0. 850.   0.  16.]
8|[  6.  11.   1.  17.   5.   6.   5.   5. 794.  13.]
9|[  1.   5.   4.   7.   9.   2.   1.  12.   3. 795.]

Fold 3:
=====================
\ range(0, 10)
 \--------------------------------------
0|[795.   0.   2.   0.   0.   1.   6.   0.   0.   0.]
1|[  0. 933.   4.   0.   1.   0.   1.   1.   1.   0.]
2|[ 13.  13. 797.   3.   1.   1.   1.  11.   2.   2.]
3|[  0.   3.   8. 881.   0.  10.   0.   5.   7.   4.]
4|[  1.  10.   0.   0. 760.   0.   4.   2.   0.  33.]
5|[  1.   0.   0.  10.   0. 695.   9.   2.   1.   4.]
6|[  1.   2.   0.   0.   2.   4. 837.   0.   1.   0.]
7|[  1.  14.   4.   0.   3.   0.   0. 825.   0.  16.]
8|[  4.   9.   2.  12.   3.  16.   5.   4. 738.   6.]
9|[  1.   3.   1.   4.   7.   1.   1.  22.   2. 810.]

Fold 4:
=====================
\ range(0, 10)
 \--------------------------------------
0|[844.   1.   0.   0.   0.   2.   4.   0.   1.   0.]
1|[  0. 931.   1.   0.   1.   0.   2.   0.   0.   0.]
2|[ 14.   9. 781.   3.   2.   0.   3.  18.   4.   1.]
3|[  1.   5.   6. 826.   0.   3.   1.   4.  10.   4.]
4|[  0.  14.   0.   0. 787.   0.   5.   2.   0.  35.]
5|[  2.   2.   0.  13.   3. 733.   5.   1.   1.   8.]
6|[  4.   0.   0.   0.   1.   5. 777.   0.   2.   0.]
7|[  0.  12.   3.   0.   0.   0.   0. 836.   0.  13.]
8|[  1.  21.   1.   6.   5.  14.   3.   4. 752.   8.]
9|[  0.   4.   0.   4.  11.   1.   0.   8.   0. 811.]

Master:
=====================\ range(0, 10)
 \--------------------------------------
0|[4.169e+03 1.000e+00 3.000e+00 0.000e+00 0.000e+00 6.000e+00 2.000e+01
 0.000e+00 1.000e+00 0.000e+00]
1|[0.000e+00 4.619e+03 1.000e+01 5.000e+00 4.000e+00 0.000e+00 4.000e+00
 5.000e+00 3.000e+00 0.000e+00]
2|[5.400e+01 6.500e+01 3.904e+03 1.500e+01 3.000e+00 2.000e+00 7.000e+00
 7.300e+01 1.700e+01 8.000e+00]
3|[3.000e+00 2.700e+01 2.700e+01 4.138e+03 1.000e+00 3.000e+01 3.000e+00
 2.500e+01 3.900e+01 2.600e+01]
4|[3.000e+00 5.900e+01 0.000e+00 0.000e+00 3.909e+03 0.000e+00 1.400e+01
 8.000e+00 1.000e+00 1.590e+02]
5|[   9.    9.    0.   51.    5. 3547.   44.    7.    9.   32.]
6|[1.800e+01 8.000e+00 0.000e+00 0.000e+00 5.000e+00 2.100e+01 4.048e+03
 0.000e+00 4.000e+00 0.000e+00]
7|[3.000e+00 7.000e+01 1.700e+01 0.000e+00 7.000e+00 0.000e+00 0.000e+00
 4.243e+03 0.000e+00 7.700e+01]
8|[  18.   70.    7.   61.   18.   66.   18.   16. 3743.   40.]
9|[7.00e+00 1.70e+01 7.00e+00 3.30e+01 4.60e+01 4.00e+00 2.00e+00 6.40e+01
 9.00e+00 4.05e+03]

